0 930 7830 1138 6015 6024 5884 6252 5055 1963
6370 0 4593 2397 7634 8028 5221 4518 7910 2952
103 4466 0 4799 6326 4748 5784 6209 4015 7677
1325 6768 3117 0 494 7697 2754 1631 5520 586
7514 3579 5640 1285 0 1757 2040 3681 1198 1876
709 5715 1593 3660 5817 0 6058 266 3951 2614
6050 1967 6628 5534 3291 5204 0 458 3784 4708
3212 5414 2035 3797 4736 5614 1244 0 6020 7370
3284 1508 375 5159 2216 6089 6751 5875 0 3713
4616 6141 7663 7229 3998 1437 5665 1339 4727 0
0 930 3205 1138 1632 3161 3672 2769 2830 1724
3722 0 4464 2397 2891 4389 4931 4028 4089 2952
103 1033 0 1241 1735 3264 3775 2872 2933 1827
1325 2255 2067 0 494 2023 2534 1631 1692 586
1676 2606 1573 1285 0 1757 2040 2023 1198 1871
709 1639 1593 1847 2341 0 1510 266 3539 2433
2596 1967 2493 3734 3291 5048 0 458 3784 4320
2138 3068 2035 3276 3770 5299 1244 0 4968 3862
478 1408 375 1616 2110 3639 4150 3247 0 2202
2146 3076 3030 3284 3778 1437 2583 1339 4727 0
