0 1 0.000001
1 1 0.000001
2 1 0.000001
3 1 0.000001
4 1 0.000001
5 1 0.000001
6 1 0.000001
7 1 0.000001
8 1 0.000001
9 1 0.000001
10 1 0.000001
11 1 0.000001
12 1 0.000001
13 1 0.000001
14 1 0.000001
15 1 0.000001
16 1 0.000001
17 1 0.000001
18 1 0.000001
19 1 0.000001
20 1 0.000001
21 1 0.000001
22 1 0.000001
23 1 0.000001
24 1 0.000001
25 1 0.000001
26 1 0.000001
27 1 0.000001
28 1 0.000001
29 1 0.000001
30 1 0.000001
31 1 0.000001
32 1 0.000001
33 1 0.000001
34 1 0.000001
35 1 0.000001
36 1 0.000001
37 1 0.000001
38 1 0.000001
39 1 0.000001
40 1 0.000001
41 1 0.000001
42 1 0.000001
43 1 0.000001
44 1 0.000001
45 1 0.000001
46 1 0.000001
47 1 0.000001
48 1 0.000001
49 1 0.000001
50 1 0.000001
51 1 0.000001
52 1 0.000001
53 1 0.000001
54 1 0.000001
55 1 0.000001
56 1 0.000001
57 1 0.000001
58 1 0.000001
59 1 0.000001
60 1 0.000001
61 1 0.000001
62 1 0.000001
63 1 0.000001
64 1 0.000001
65 1 0.000001
66 1 0.000001
67 1 0.000001
68 1 0.000001
69 1 0.000001
70 1 0.000001
71 1 0.000001
72 1 0.000001
73 1 0.000001
74 1 0.000001
75 1 0.000001
76 1 0.000001
77 1 0.000001
78 1 0.000001
79 1 0.000001
80 1 0.000001
81 1 0.000001
82 1 0.000001
83 1 0.000001
84 1 0.000001
85 1 0.000001
86 1 0.000001
87 1 0.000001
88 1 0.000001
89 1 0.000001
0 2 0.000001
1 2 0.000001
2 2 0.000001
3 2 0.000001
4 2 0.000001
5 2 0.000001
6 2 0.000001
7 2 0.000001
8 2 0.000001
9 2 0.000001
10 2 0.000001
11 2 0.000001
12 2 0.000001
13 2 0.000001
14 2 0.000001
15 2 0.000001
16 2 0.000001
17 2 0.000001
18 2 0.000001
19 2 0.000001
20 2 0.000001
21 2 0.000001
22 2 0.000001
23 2 0.000001
24 2 0.000001
25 2 0.000001
26 2 0.000001
27 2 0.000001
28 2 0.000001
29 2 0.000001
30 2 0.000001
31 2 0.000001
32 2 0.000001
33 2 0.000001
34 2 0.000001
35 2 0.000001
36 2 0.000001
37 2 0.000001
38 2 0.000001
39 2 0.000001
40 2 0.000001
41 2 0.000001
42 2 0.000001
43 2 0.000001
44 2 0.000001
45 2 0.000001
46 2 0.000001
47 2 0.000001
48 2 0.000001
49 2 0.000001
50 2 0.000001
51 2 0.000001
52 2 0.000001
53 2 0.000001
54 2 0.000001
55 2 0.000001
56 2 0.000001
57 2 0.000001
58 2 0.000001
59 2 0.000001
60 2 0.000001
61 2 0.000001
62 2 0.000001
63 2 0.000001
64 2 0.000001
65 2 0.000001
66 2 0.000001
67 2 0.000001
68 2 0.000001
69 2 0.000001
70 2 0.000001
71 2 0.000001
72 2 0.000001
73 2 0.000001
74 2 0.000001
75 2 0.000001
76 2 0.000001
77 2 0.000001
78 2 0.000001
79 2 0.000001
80 2 0.000001
81 2 0.000001
82 2 0.000001
83 2 0.000001
84 2 0.000001
85 2 0.000001
86 2 0.000001
87 2 0.000001
88 2 0.000001
89 2 0.000001
0 4 0.000001
1 4 0.000001
2 4 0.000001
3 4 0.000001
4 4 0.000001
5 4 0.000001
6 4 0.000001
7 4 0.000001
8 4 0.000001
9 4 0.000001
10 4 0.000001
11 4 0.000001
12 4 0.000001
13 4 0.000001
14 4 0.000001
15 4 0.000001
16 4 0.000001
17 4 0.000001
18 4 0.000001
19 4 0.000001
20 4 0.000001
21 4 0.000001
22 4 0.000001
23 4 0.000001
24 4 0.000001
25 4 0.000001
26 4 0.000001
27 4 0.000001
28 4 0.000001
29 4 0.000001
30 4 0.000001
31 4 0.000001
32 4 0.000001
33 4 0.000001
34 4 0.000001
35 4 0.000001
36 4 0.000001
37 4 0.000001
38 4 0.000001
39 4 0.000001
40 4 0.000001
41 4 0.000001
42 4 0.000001
43 4 0.000001
44 4 0.000001
45 4 0.000001
46 4 0.000001
47 4 0.000001
48 4 0.000001
49 4 0.000001
50 4 0.000001
51 4 0.000001
52 4 0.000001
53 4 0.000001
54 4 0.000001
55 4 0.000001
56 4 0.000001
57 4 0.000001
58 4 0.000001
59 4 0.000001
60 4 0.000001
61 4 0.000001
62 4 0.000001
63 4 0.000001
64 4 0.000001
65 4 0.000001
66 4 0.000001
67 4 0.000001
68 4 0.000001
69 4 0.000001
70 4 0.000001
71 4 0.000001
72 4 0.000001
73 4 0.000001
74 4 0.000001
75 4 0.000001
76 4 0.000001
77 4 0.000001
78 4 0.000001
79 4 0.000001
80 4 0.000001
81 4 0.000001
82 4 0.000001
83 4 0.000001
84 4 0.000001
85 4 0.000001
86 4 0.000001
87 4 0.000001
88 4 0.000001
89 4 0.000001
0 8 0.000000
1 8 0.000000
2 8 0.000000
3 8 0.000000
4 8 0.000000
5 8 0.000000
6 8 0.000000
7 8 0.000000
8 8 0.000000
9 8 0.000000
10 8 0.000000
11 8 0.000000
12 8 0.000000
13 8 0.000000
14 8 0.000000
15 8 0.000000
16 8 0.000000
17 8 0.000000
18 8 0.000000
19 8 0.000000
20 8 0.000000
21 8 0.000000
22 8 0.000000
23 8 0.000000
24 8 0.000000
25 8 0.000000
26 8 0.000000
27 8 0.000000
28 8 0.000000
29 8 0.000000
30 8 0.000000
31 8 0.000000
32 8 0.000000
33 8 0.000000
34 8 0.000000
35 8 0.000000
36 8 0.000000
37 8 0.000000
38 8 0.000000
39 8 0.000000
40 8 0.000000
41 8 0.000000
42 8 0.000000
43 8 0.000000
44 8 0.000000
45 8 0.000000
46 8 0.000000
47 8 0.000000
48 8 0.000000
49 8 0.000000
50 8 0.000000
51 8 0.000000
52 8 0.000000
53 8 0.000000
54 8 0.000000
55 8 0.000000
56 8 0.000000
57 8 0.000000
58 8 0.000000
59 8 0.000000
60 8 0.000000
61 8 0.000000
62 8 0.000000
63 8 0.000000
64 8 0.000001
65 8 0.000001
66 8 0.000001
67 8 0.000001
68 8 0.000001
69 8 0.000001
70 8 0.000001
71 8 0.000001
72 8 0.000001
73 8 0.000001
74 8 0.000001
75 8 0.000001
76 8 0.000001
77 8 0.000001
78 8 0.000001
79 8 0.000001
80 8 0.000001
81 8 0.000001
82 8 0.000001
83 8 0.000001
84 8 0.000001
85 8 0.000001
86 8 0.000001
87 8 0.000001
88 8 0.000001
89 8 0.000001
0 16 0.000000
1 16 0.000000
2 16 0.000000
3 16 0.000000
4 16 0.000000
5 16 0.000000
6 16 0.000000
7 16 0.000000
8 16 0.000000
9 16 0.000000
10 16 0.000000
11 16 0.000000
12 16 0.000000
13 16 0.000000
14 16 0.000000
15 16 0.000000
16 16 0.000000
17 16 0.000000
18 16 0.000000
19 16 0.000000
20 16 0.000000
21 16 0.000000
22 16 0.000000
23 16 0.000000
24 16 0.000000
25 16 0.000000
26 16 0.000000
27 16 0.000000
28 16 0.000000
29 16 0.000000
30 16 0.000000
31 16 0.000000
32 16 0.000000
33 16 0.000000
34 16 0.000000
35 16 0.000000
36 16 0.000000
37 16 0.000000
38 16 0.000000
39 16 0.000000
40 16 0.000000
41 16 0.000000
42 16 0.000000
43 16 0.000000
44 16 0.000000
45 16 0.000000
46 16 0.000000
47 16 0.000000
48 16 0.000000
49 16 0.000000
50 16 0.000000
51 16 0.000000
52 16 0.000000
53 16 0.000000
54 16 0.000000
55 16 0.000000
56 16 0.000000
57 16 0.000000
58 16 0.000000
59 16 0.000000
60 16 0.000000
61 16 0.000000
62 16 0.000000
63 16 0.000000
64 16 0.000000
65 16 0.000000
66 16 0.000000
67 16 0.000000
68 16 0.000000
69 16 0.000000
70 16 0.000000
71 16 0.000000
72 16 0.000000
73 16 0.000000
74 16 0.000000
75 16 0.000000
76 16 0.000000
77 16 0.000000
78 16 0.000000
79 16 0.000000
80 16 0.000000
81 16 0.000000
82 16 0.000000
83 16 0.000000
84 16 0.000000
85 16 0.000000
86 16 0.000000
87 16 0.000000
88 16 0.000000
89 16 0.000000
0 32 0.000000
1 32 0.000000
2 32 0.000000
3 32 0.000000
4 32 0.000000
5 32 0.000000
6 32 0.000000
7 32 0.000000
8 32 0.000000
9 32 0.000000
10 32 0.000000
11 32 0.000000
12 32 0.000000
13 32 0.000000
14 32 0.000000
15 32 0.000000
16 32 0.000000
17 32 0.000000
18 32 0.000000
19 32 0.000000
20 32 0.000000
21 32 0.000000
22 32 0.000000
23 32 0.000000
24 32 0.000000
25 32 0.000000
26 32 0.000000
27 32 0.000000
28 32 0.000000
29 32 0.000000
30 32 0.000000
31 32 0.000000
32 32 0.000000
33 32 0.000000
34 32 0.000000
35 32 0.000000
36 32 0.000000
37 32 0.000000
38 32 0.000000
39 32 0.000000
40 32 0.000000
41 32 0.000000
42 32 0.000000
43 32 0.000000
44 32 0.000000
45 32 0.000000
46 32 0.000000
47 32 0.000000
48 32 0.000000
49 32 0.000000
50 32 0.000000
51 32 0.000000
52 32 0.000000
53 32 0.000000
54 32 0.000000
55 32 0.000000
56 32 0.000000
57 32 0.000000
58 32 0.000000
59 32 0.000000
60 32 0.000000
61 32 0.000000
62 32 0.000000
63 32 0.000000
64 32 0.000000
65 32 0.000000
66 32 0.000000
67 32 0.000000
68 32 0.000000
69 32 0.000000
70 32 0.000000
71 32 0.000000
72 32 0.000000
73 32 0.000000
74 32 0.000000
75 32 0.000000
76 32 0.000000
77 32 0.000000
78 32 0.000000
79 32 0.000000
80 32 0.000000
81 32 0.000000
82 32 0.000000
83 32 0.000000
84 32 0.000000
85 32 0.000000
86 32 0.000000
87 32 0.000000
88 32 0.000000
89 32 0.000000
0 64 0.000000
1 64 0.000000
2 64 0.000000
3 64 0.000000
4 64 0.000000
5 64 0.000000
6 64 0.000000
7 64 0.000000
8 64 0.000000
9 64 0.000000
10 64 0.000000
11 64 0.000000
12 64 0.000000
13 64 0.000000
14 64 0.000000
15 64 0.000000
16 64 0.000000
17 64 0.000000
18 64 0.000000
19 64 0.000000
20 64 0.000000
21 64 0.000000
22 64 0.000000
23 64 0.000000
24 64 0.000000
25 64 0.000000
26 64 0.000000
27 64 0.000000
28 64 0.000000
29 64 0.000000
30 64 0.000000
31 64 0.000000
32 64 0.000000
33 64 0.000000
34 64 0.000000
35 64 0.000000
36 64 0.000000
37 64 0.000000
38 64 0.000000
39 64 0.000000
40 64 0.000000
41 64 0.000000
42 64 0.000000
43 64 0.000000
44 64 0.000000
45 64 0.000000
46 64 0.000000
47 64 0.000000
48 64 0.000000
49 64 0.000000
50 64 0.000000
51 64 0.000000
52 64 0.000000
53 64 0.000000
54 64 0.000000
55 64 0.000000
56 64 0.000000
57 64 0.000000
58 64 0.000000
59 64 0.000000
60 64 0.000000
61 64 0.000000
62 64 0.000000
63 64 0.000000
64 64 0.000000
65 64 0.000000
66 64 0.000000
67 64 0.000000
68 64 0.000000
69 64 0.000000
70 64 0.000000
71 64 0.000000
72 64 0.000000
73 64 0.000000
74 64 0.000000
75 64 0.000000
76 64 0.000000
77 64 0.000000
78 64 0.000000
79 64 0.000000
80 64 0.000000
81 64 0.000000
82 64 0.000000
83 64 0.000000
84 64 0.000000
85 64 0.000000
86 64 0.000000
87 64 0.000000
88 64 0.000000
89 64 0.000000
0 128 0.000000
1 128 0.000000
2 128 0.000000
3 128 0.000000
4 128 0.000000
5 128 0.000000
6 128 0.000000
7 128 0.000000
8 128 0.000000
9 128 0.000000
10 128 0.000000
11 128 0.000000
12 128 0.000000
13 128 0.000000
14 128 0.000000
15 128 0.000000
16 128 0.000000
17 128 0.000000
18 128 0.000000
19 128 0.000000
20 128 0.000000
21 128 0.000000
22 128 0.000000
23 128 0.000000
24 128 0.000000
25 128 0.000000
26 128 0.000000
27 128 0.000000
28 128 0.000000
29 128 0.000000
30 128 0.000000
31 128 0.000000
32 128 0.000000
33 128 0.000000
34 128 0.000000
35 128 0.000000
36 128 0.000000
37 128 0.000000
38 128 0.000000
39 128 0.000000
40 128 0.000000
41 128 0.000000
42 128 0.000000
43 128 0.000000
44 128 0.000000
45 128 0.000000
46 128 0.000000
47 128 0.000000
48 128 0.000000
49 128 0.000000
50 128 0.000000
51 128 0.000000
52 128 0.000000
53 128 0.000000
54 128 0.000000
55 128 0.000000
56 128 0.000000
57 128 0.000000
58 128 0.000000
59 128 0.000000
60 128 0.000000
61 128 0.000000
62 128 0.000000
63 128 0.000000
64 128 0.000000
65 128 0.000000
66 128 0.000000
67 128 0.000000
68 128 0.000000
69 128 0.000000
70 128 0.000000
71 128 0.000000
72 128 0.000000
73 128 0.000000
74 128 0.000000
75 128 0.000000
76 128 0.000000
77 128 0.000000
78 128 0.000000
79 128 0.000000
80 128 0.000000
81 128 0.000000
82 128 0.000000
83 128 0.000000
84 128 0.000000
85 128 0.000000
86 128 0.000000
87 128 0.000000
88 128 0.000000
89 128 0.000000
0 256 0.000000
1 256 0.000000
2 256 0.000000
3 256 0.000000
4 256 0.000000
5 256 0.000000
6 256 0.000000
7 256 0.000000
8 256 0.000000
9 256 0.000000
10 256 0.000000
11 256 0.000000
12 256 0.000000
13 256 0.000000
14 256 0.000000
15 256 0.000000
16 256 0.000000
17 256 0.000000
18 256 0.000000
19 256 0.000000
20 256 0.000000
21 256 0.000000
22 256 0.000000
23 256 0.000000
24 256 0.000000
25 256 0.000000
26 256 0.000000
27 256 0.000000
28 256 0.000000
29 256 0.000000
30 256 0.000000
31 256 0.000000
32 256 0.000000
33 256 0.000000
34 256 0.000000
35 256 0.000000
36 256 0.000000
37 256 0.000000
38 256 0.000000
39 256 0.000000
40 256 0.000000
41 256 0.000000
42 256 0.000000
43 256 0.000000
44 256 0.000000
45 256 0.000000
46 256 0.000000
47 256 0.000000
48 256 0.000000
49 256 0.000000
50 256 0.000000
51 256 0.000000
52 256 0.000000
53 256 0.000000
54 256 0.000000
55 256 0.000000
56 256 0.000000
57 256 0.000000
58 256 0.000000
59 256 0.000000
60 256 0.000000
61 256 0.000000
62 256 0.000000
63 256 0.000000
64 256 0.000000
65 256 0.000000
66 256 0.000000
67 256 0.000000
68 256 0.000000
69 256 0.000000
70 256 0.000000
71 256 0.000000
72 256 0.000000
73 256 0.000000
74 256 0.000000
75 256 0.000000
76 256 0.000000
77 256 0.000000
78 256 0.000000
79 256 0.000000
80 256 0.000000
81 256 0.000000
82 256 0.000000
83 256 0.000000
84 256 0.000000
85 256 0.000000
86 256 0.000000
87 256 0.000000
88 256 0.000000
89 256 0.000000
0 512 0.000000
1 512 0.000000
2 512 0.000000
3 512 0.000000
4 512 0.000000
5 512 0.000000
6 512 0.000000
7 512 0.000000
8 512 0.000000
9 512 0.000000
10 512 0.000000
11 512 0.000000
12 512 0.000000
13 512 0.000000
14 512 0.000000
15 512 0.000000
16 512 0.000000
17 512 0.000000
18 512 0.000000
19 512 0.000000
20 512 0.000000
21 512 0.000000
22 512 0.000000
23 512 0.000000
24 512 0.000000
25 512 0.000000
26 512 0.000000
27 512 0.000000
28 512 0.000000
29 512 0.000000
30 512 0.000000
31 512 0.000000
32 512 0.000000
33 512 0.000000
34 512 0.000000
35 512 0.000000
36 512 0.000000
37 512 0.000000
38 512 0.000000
39 512 0.000000
40 512 0.000000
41 512 0.000000
42 512 0.000000
43 512 0.000000
44 512 0.000000
45 512 0.000000
46 512 0.000000
47 512 0.000000
48 512 0.000000
49 512 0.000000
50 512 0.000000
51 512 0.000000
52 512 0.000000
53 512 0.000000
54 512 0.000000
55 512 0.000000
56 512 0.000000
57 512 0.000000
58 512 0.000000
59 512 0.000000
60 512 0.000000
61 512 0.000000
62 512 0.000000
63 512 0.000000
64 512 0.000000
65 512 0.000000
66 512 0.000000
67 512 0.000000
68 512 0.000000
69 512 0.000000
70 512 0.000000
71 512 0.000000
72 512 0.000000
73 512 0.000000
74 512 0.000000
75 512 0.000000
76 512 0.000000
77 512 0.000000
78 512 0.000000
79 512 0.000000
80 512 0.000000
81 512 0.000000
82 512 0.000000
83 512 0.000000
84 512 0.000000
85 512 0.000000
86 512 0.000000
87 512 0.000000
88 512 0.000000
89 512 0.000000
0 1024 0.000000
1 1024 0.000000
2 1024 0.000000
3 1024 0.000000
4 1024 0.000000
5 1024 0.000000
6 1024 0.000000
7 1024 0.000000
8 1024 0.000000
9 1024 0.000000
10 1024 0.000000
11 1024 0.000000
12 1024 0.000000
13 1024 0.000000
14 1024 0.000000
15 1024 0.000000
16 1024 0.000000
17 1024 0.000000
18 1024 0.000000
19 1024 0.000000
20 1024 0.000000
21 1024 0.000000
22 1024 0.000000
23 1024 0.000000
24 1024 0.000000
25 1024 0.000000
26 1024 0.000000
27 1024 0.000000
28 1024 0.000000
29 1024 0.000000
30 1024 0.000000
31 1024 0.000000
32 1024 0.000000
33 1024 0.000000
34 1024 0.000000
35 1024 0.000000
36 1024 0.000000
37 1024 0.000000
38 1024 0.000000
39 1024 0.000000
40 1024 0.000000
41 1024 0.000000
42 1024 0.000000
43 1024 0.000000
44 1024 0.000000
45 1024 0.000000
46 1024 0.000000
47 1024 0.000000
48 1024 0.000000
49 1024 0.000000
50 1024 0.000000
51 1024 0.000000
52 1024 0.000000
53 1024 0.000000
54 1024 0.000000
55 1024 0.000000
56 1024 0.000000
57 1024 0.000000
58 1024 0.000000
59 1024 0.000000
60 1024 0.000000
61 1024 0.000000
62 1024 0.000000
63 1024 0.000000
64 1024 0.000000
65 1024 0.000000
66 1024 0.000000
67 1024 0.000000
68 1024 0.000000
69 1024 0.000000
70 1024 0.000000
71 1024 0.000000
72 1024 0.000000
73 1024 0.000000
74 1024 0.000000
75 1024 0.000000
76 1024 0.000000
77 1024 0.000000
78 1024 0.000000
79 1024 0.000000
80 1024 0.000000
81 1024 0.000000
82 1024 0.000000
83 1024 0.000000
84 1024 0.000000
85 1024 0.000000
86 1024 0.000000
87 1024 0.000000
88 1024 0.000000
89 1024 0.000000
0 2048 0.000000
1 2048 0.000000
2 2048 0.000000
3 2048 0.000000
4 2048 0.000000
5 2048 0.000000
6 2048 0.000000
7 2048 0.000000
8 2048 0.000000
9 2048 0.000000
10 2048 0.000000
11 2048 0.000000
12 2048 0.000000
13 2048 0.000000
14 2048 0.000000
15 2048 0.000000
16 2048 0.000000
17 2048 0.000000
18 2048 0.000000
19 2048 0.000000
20 2048 0.000000
21 2048 0.000000
22 2048 0.000000
23 2048 0.000000
24 2048 0.000000
25 2048 0.000000
26 2048 0.000000
27 2048 0.000000
28 2048 0.000000
29 2048 0.000000
30 2048 0.000000
31 2048 0.000000
32 2048 0.000000
33 2048 0.000000
34 2048 0.000000
35 2048 0.000000
36 2048 0.000000
37 2048 0.000000
38 2048 0.000000
39 2048 0.000000
40 2048 0.000000
41 2048 0.000000
42 2048 0.000000
43 2048 0.000000
44 2048 0.000000
45 2048 0.000000
46 2048 0.000000
47 2048 0.000000
48 2048 0.000000
49 2048 0.000000
50 2048 0.000000
51 2048 0.000000
52 2048 0.000000
53 2048 0.000000
54 2048 0.000000
55 2048 0.000000
56 2048 0.000000
57 2048 0.000000
58 2048 0.000000
59 2048 0.000000
60 2048 0.000000
61 2048 0.000000
62 2048 0.000000
63 2048 0.000000
64 2048 0.000000
65 2048 0.000000
66 2048 0.000000
67 2048 0.000000
68 2048 0.000000
69 2048 0.000000
70 2048 0.000000
71 2048 0.000000
72 2048 0.000000
73 2048 0.000000
74 2048 0.000000
75 2048 0.000000
76 2048 0.000000
77 2048 0.000000
78 2048 0.000000
79 2048 0.000000
80 2048 0.000000
81 2048 0.000000
82 2048 0.000000
83 2048 0.000000
84 2048 0.000000
85 2048 0.000000
86 2048 0.000000
87 2048 0.000000
88 2048 0.000000
89 2048 0.000000
0 4096 0.000000
1 4096 0.000000
2 4096 0.000000
3 4096 0.000000
4 4096 0.000000
5 4096 0.000000
6 4096 0.000000
7 4096 0.000000
8 4096 0.000000
9 4096 0.000000
10 4096 0.000000
11 4096 0.000000
12 4096 0.000000
13 4096 0.000000
14 4096 0.000000
15 4096 0.000000
16 4096 0.000000
17 4096 0.000000
18 4096 0.000000
19 4096 0.000000
20 4096 0.000000
21 4096 0.000000
22 4096 0.000000
23 4096 0.000000
24 4096 0.000000
25 4096 0.000000
26 4096 0.000000
27 4096 0.000000
28 4096 0.000000
29 4096 0.000000
30 4096 0.000000
31 4096 0.000000
32 4096 0.000000
33 4096 0.000000
34 4096 0.000000
35 4096 0.000000
36 4096 0.000000
37 4096 0.000000
38 4096 0.000000
39 4096 0.000000
40 4096 0.000000
41 4096 0.000000
42 4096 0.000000
43 4096 0.000000
44 4096 0.000000
45 4096 0.000000
46 4096 0.000000
47 4096 0.000000
48 4096 0.000000
49 4096 0.000000
50 4096 0.000000
51 4096 0.000000
52 4096 0.000000
53 4096 0.000000
54 4096 0.000000
55 4096 0.000000
56 4096 0.000000
57 4096 0.000000
58 4096 0.000000
59 4096 0.000000
60 4096 0.000000
61 4096 0.000000
62 4096 0.000000
63 4096 0.000000
64 4096 0.000000
65 4096 0.000000
66 4096 0.000000
67 4096 0.000000
68 4096 0.000000
69 4096 0.000000
70 4096 0.000000
71 4096 0.000000
72 4096 0.000000
73 4096 0.000000
74 4096 0.000000
75 4096 0.000000
76 4096 0.000000
77 4096 0.000000
78 4096 0.000000
79 4096 0.000000
80 4096 0.000000
81 4096 0.000000
82 4096 0.000000
83 4096 0.000000
84 4096 0.000000
85 4096 0.000000
86 4096 0.000000
87 4096 0.000000
88 4096 0.000000
89 4096 0.000000
0 8192 0.000000
1 8192 0.000000
2 8192 0.000000
3 8192 0.000000
4 8192 0.000000
5 8192 0.000000
6 8192 0.000000
7 8192 0.000000
8 8192 0.000000
9 8192 0.000000
10 8192 0.000000
11 8192 0.000000
12 8192 0.000000
13 8192 0.000000
14 8192 0.000000
15 8192 0.000000
16 8192 0.000000
17 8192 0.000000
18 8192 0.000000
19 8192 0.000000
20 8192 0.000000
21 8192 0.000000
22 8192 0.000000
23 8192 0.000000
24 8192 0.000000
25 8192 0.000000
26 8192 0.000000
27 8192 0.000000
28 8192 0.000000
29 8192 0.000000
30 8192 0.000000
31 8192 0.000000
32 8192 0.000000
33 8192 0.000000
34 8192 0.000000
35 8192 0.000000
36 8192 0.000000
37 8192 0.000000
38 8192 0.000000
39 8192 0.000000
40 8192 0.000000
41 8192 0.000000
42 8192 0.000000
43 8192 0.000000
44 8192 0.000000
45 8192 0.000000
46 8192 0.000000
47 8192 0.000000
48 8192 0.000000
49 8192 0.000000
50 8192 0.000000
51 8192 0.000000
52 8192 0.000000
53 8192 0.000000
54 8192 0.000000
55 8192 0.000000
56 8192 0.000000
57 8192 0.000000
58 8192 0.000000
59 8192 0.000000
60 8192 0.000000
61 8192 0.000000
62 8192 0.000000
63 8192 0.000000
64 8192 0.000000
65 8192 0.000000
66 8192 0.000000
67 8192 0.000000
68 8192 0.000000
69 8192 0.000000
70 8192 0.000000
71 8192 0.000000
72 8192 0.000000
73 8192 0.000000
74 8192 0.000000
75 8192 0.000000
76 8192 0.000000
77 8192 0.000000
78 8192 0.000000
79 8192 0.000000
80 8192 0.000000
81 8192 0.000000
82 8192 0.000000
83 8192 0.000000
84 8192 0.000000
85 8192 0.000000
86 8192 0.000000
87 8192 0.000000
88 8192 0.000000
89 8192 0.000000
0 16384 0.000000
1 16384 0.000000
2 16384 0.000000
3 16384 0.000000
4 16384 0.000000
5 16384 0.000000
6 16384 0.000000
7 16384 0.000000
8 16384 0.000000
9 16384 0.000000
10 16384 0.000000
11 16384 0.000000
12 16384 0.000000
13 16384 0.000000
14 16384 0.000000
15 16384 0.000000
16 16384 0.000000
17 16384 0.000000
18 16384 0.000000
19 16384 0.000000
20 16384 0.000000
21 16384 0.000000
22 16384 0.000000
23 16384 0.000000
24 16384 0.000000
25 16384 0.000000
26 16384 0.000000
27 16384 0.000000
28 16384 0.000000
29 16384 0.000000
30 16384 0.000000
31 16384 0.000000
32 16384 0.000000
33 16384 0.000000
34 16384 0.000000
35 16384 0.000000
36 16384 0.000000
37 16384 0.000000
38 16384 0.000000
39 16384 0.000000
40 16384 0.000000
41 16384 0.000000
42 16384 0.000000
43 16384 0.000000
44 16384 0.000000
45 16384 0.000000
46 16384 0.000000
47 16384 0.000000
48 16384 0.000000
49 16384 0.000000
50 16384 0.000000
51 16384 0.000000
52 16384 0.000000
53 16384 0.000000
54 16384 0.000000
55 16384 0.000000
56 16384 0.000000
57 16384 0.000000
58 16384 0.000000
59 16384 0.000000
60 16384 0.000000
61 16384 0.000000
62 16384 0.000000
63 16384 0.000000
64 16384 0.000000
65 16384 0.000000
66 16384 0.000000
67 16384 0.000000
68 16384 0.000000
69 16384 0.000000
70 16384 0.000000
71 16384 0.000000
72 16384 0.000000
73 16384 0.000000
74 16384 0.000000
75 16384 0.000000
76 16384 0.000000
77 16384 0.000000
78 16384 0.000000
79 16384 0.000000
80 16384 0.000000
81 16384 0.000000
82 16384 0.000000
83 16384 0.000000
84 16384 0.000000
85 16384 0.000000
86 16384 0.000000
87 16384 0.000000
88 16384 0.000000
89 16384 0.000000
0 32768 0.000000
1 32768 0.000000
2 32768 0.000000
3 32768 0.000000
4 32768 0.000000
5 32768 0.000000
6 32768 0.000000
7 32768 0.000000
8 32768 0.000000
9 32768 0.000000
10 32768 0.000000
11 32768 0.000000
12 32768 0.000000
13 32768 0.000000
14 32768 0.000000
15 32768 0.000000
16 32768 0.000000
17 32768 0.000000
18 32768 0.000000
19 32768 0.000000
20 32768 0.000000
21 32768 0.000000
22 32768 0.000000
23 32768 0.000000
24 32768 0.000000
25 32768 0.000000
26 32768 0.000000
27 32768 0.000000
28 32768 0.000000
29 32768 0.000000
30 32768 0.000000
31 32768 0.000000
32 32768 0.000000
33 32768 0.000000
34 32768 0.000000
35 32768 0.000000
36 32768 0.000000
37 32768 0.000000
38 32768 0.000000
39 32768 0.000000
40 32768 0.000000
41 32768 0.000000
42 32768 0.000000
43 32768 0.000000
44 32768 0.000000
45 32768 0.000000
46 32768 0.000000
47 32768 0.000000
48 32768 0.000000
49 32768 0.000000
50 32768 0.000000
51 32768 0.000000
52 32768 0.000000
53 32768 0.000000
54 32768 0.000000
55 32768 0.000000
56 32768 0.000000
57 32768 0.000000
58 32768 0.000000
59 32768 0.000000
60 32768 0.000000
61 32768 0.000000
62 32768 0.000000
63 32768 0.000000
64 32768 0.000000
65 32768 0.000000
66 32768 0.000000
67 32768 0.000000
68 32768 0.000000
69 32768 0.000000
70 32768 0.000000
71 32768 0.000000
72 32768 0.000000
73 32768 0.000000
74 32768 0.000000
75 32768 0.000000
76 32768 0.000000
77 32768 0.000000
78 32768 0.000000
79 32768 0.000000
80 32768 0.000000
81 32768 0.000000
82 32768 0.000000
83 32768 0.000000
84 32768 0.000000
85 32768 0.000000
86 32768 0.000000
87 32768 0.000000
88 32768 0.000000
89 32768 0.000000
0 65536 0.000000
1 65536 0.000000
2 65536 0.000000
3 65536 0.000000
4 65536 0.000000
5 65536 0.000000
6 65536 0.000000
7 65536 0.000000
8 65536 0.000000
9 65536 0.000000
10 65536 0.000000
11 65536 0.000000
12 65536 0.000000
13 65536 0.000000
14 65536 0.000000
15 65536 0.000000
16 65536 0.000000
17 65536 0.000000
18 65536 0.000000
19 65536 0.000000
20 65536 0.000000
21 65536 0.000000
22 65536 0.000000
23 65536 0.000000
24 65536 0.000000
25 65536 0.000000
26 65536 0.000000
27 65536 0.000000
28 65536 0.000000
29 65536 0.000000
30 65536 0.000000
31 65536 0.000000
32 65536 0.000000
33 65536 0.000000
34 65536 0.000000
35 65536 0.000000
36 65536 0.000000
37 65536 0.000000
38 65536 0.000000
39 65536 0.000000
40 65536 0.000000
41 65536 0.000000
42 65536 0.000000
43 65536 0.000000
44 65536 0.000000
45 65536 0.000000
46 65536 0.000000
47 65536 0.000000
48 65536 0.000000
49 65536 0.000000
50 65536 0.000000
51 65536 0.000000
52 65536 0.000000
53 65536 0.000000
54 65536 0.000000
55 65536 0.000000
56 65536 0.000000
57 65536 0.000000
58 65536 0.000000
59 65536 0.000000
60 65536 0.000000
61 65536 0.000000
62 65536 0.000000
63 65536 0.000000
64 65536 0.000000
65 65536 0.000000
66 65536 0.000000
67 65536 0.000000
68 65536 0.000000
69 65536 0.000000
70 65536 0.000000
71 65536 0.000000
72 65536 0.000000
73 65536 0.000000
74 65536 0.000000
75 65536 0.000000
76 65536 0.000000
77 65536 0.000000
78 65536 0.000000
79 65536 0.000000
80 65536 0.000000
81 65536 0.000000
82 65536 0.000000
83 65536 0.000000
84 65536 0.000000
85 65536 0.000000
86 65536 0.000000
87 65536 0.000000
88 65536 0.000000
89 65536 0.000000
0 131072 0.000000
1 131072 0.000000
2 131072 0.000000
3 131072 0.000000
4 131072 0.000000
5 131072 0.000000
6 131072 0.000000
7 131072 0.000000
8 131072 0.000000
9 131072 0.000000
10 131072 0.000000
11 131072 0.000000
12 131072 0.000000
13 131072 0.000000
14 131072 0.000000
15 131072 0.000000
16 131072 0.000000
17 131072 0.000000
18 131072 0.000000
19 131072 0.000000
20 131072 0.000000
21 131072 0.000000
22 131072 0.000000
23 131072 0.000000
24 131072 0.000000
25 131072 0.000000
26 131072 0.000000
27 131072 0.000000
28 131072 0.000000
29 131072 0.000000
30 131072 0.000000
31 131072 0.000000
32 131072 0.000000
33 131072 0.000000
34 131072 0.000000
35 131072 0.000000
36 131072 0.000000
37 131072 0.000000
38 131072 0.000000
39 131072 0.000000
40 131072 0.000000
41 131072 0.000000
42 131072 0.000000
43 131072 0.000000
44 131072 0.000000
45 131072 0.000000
46 131072 0.000000
47 131072 0.000000
48 131072 0.000000
49 131072 0.000000
50 131072 0.000000
51 131072 0.000000
52 131072 0.000000
53 131072 0.000000
54 131072 0.000000
55 131072 0.000000
56 131072 0.000000
57 131072 0.000000
58 131072 0.000000
59 131072 0.000000
60 131072 0.000000
61 131072 0.000000
62 131072 0.000000
63 131072 0.000000
64 131072 0.000000
65 131072 0.000000
66 131072 0.000000
67 131072 0.000000
68 131072 0.000000
69 131072 0.000000
70 131072 0.000000
71 131072 0.000000
72 131072 0.000000
73 131072 0.000000
74 131072 0.000000
75 131072 0.000000
76 131072 0.000000
77 131072 0.000000
78 131072 0.000000
79 131072 0.000000
80 131072 0.000000
81 131072 0.000000
82 131072 0.000000
83 131072 0.000000
84 131072 0.000000
85 131072 0.000000
86 131072 0.000000
87 131072 0.000000
88 131072 0.000000
89 131072 0.000000
0 262144 0.000000
1 262144 0.000000
2 262144 0.000000
3 262144 0.000000
4 262144 0.000000
5 262144 0.000000
6 262144 0.000000
7 262144 0.000000
8 262144 0.000000
9 262144 0.000000
10 262144 0.000000
11 262144 0.000000
12 262144 0.000000
13 262144 0.000000
14 262144 0.000000
15 262144 0.000000
16 262144 0.000000
17 262144 0.000000
18 262144 0.000000
19 262144 0.000000
20 262144 0.000000
21 262144 0.000000
22 262144 0.000000
23 262144 0.000000
24 262144 0.000000
25 262144 0.000000
26 262144 0.000000
27 262144 0.000000
28 262144 0.000000
29 262144 0.000000
30 262144 0.000000
31 262144 0.000000
32 262144 0.000000
33 262144 0.000000
34 262144 0.000000
35 262144 0.000000
36 262144 0.000000
37 262144 0.000000
38 262144 0.000000
39 262144 0.000000
40 262144 0.000000
41 262144 0.000000
42 262144 0.000000
43 262144 0.000000
44 262144 0.000000
45 262144 0.000000
46 262144 0.000000
47 262144 0.000000
48 262144 0.000000
49 262144 0.000000
50 262144 0.000000
51 262144 0.000000
52 262144 0.000000
53 262144 0.000000
54 262144 0.000000
55 262144 0.000000
56 262144 0.000000
57 262144 0.000000
58 262144 0.000000
59 262144 0.000000
60 262144 0.000000
61 262144 0.000000
62 262144 0.000000
63 262144 0.000000
64 262144 0.000000
65 262144 0.000000
66 262144 0.000000
67 262144 0.000000
68 262144 0.000000
69 262144 0.000000
70 262144 0.000000
71 262144 0.000000
72 262144 0.000000
73 262144 0.000000
74 262144 0.000000
75 262144 0.000000
76 262144 0.000000
77 262144 0.000000
78 262144 0.000000
79 262144 0.000000
80 262144 0.000000
81 262144 0.000000
82 262144 0.000000
83 262144 0.000000
84 262144 0.000000
85 262144 0.000000
86 262144 0.000000
87 262144 0.000000
88 262144 0.000000
89 262144 0.000000
0 524288 0.000000
1 524288 0.000000
2 524288 0.000000
3 524288 0.000000
4 524288 0.000000
5 524288 0.000000
6 524288 0.000000
7 524288 0.000000
8 524288 0.000000
9 524288 0.000000
10 524288 0.000000
11 524288 0.000000
12 524288 0.000000
13 524288 0.000000
14 524288 0.000000
15 524288 0.000000
16 524288 0.000000
17 524288 0.000000
18 524288 0.000000
19 524288 0.000000
20 524288 0.000000
21 524288 0.000000
22 524288 0.000000
23 524288 0.000000
24 524288 0.000000
25 524288 0.000000
26 524288 0.000000
27 524288 0.000000
28 524288 0.000000
29 524288 0.000000
30 524288 0.000000
31 524288 0.000000
32 524288 0.000000
33 524288 0.000000
34 524288 0.000000
35 524288 0.000000
36 524288 0.000000
37 524288 0.000000
38 524288 0.000000
39 524288 0.000000
40 524288 0.000000
41 524288 0.000000
42 524288 0.000000
43 524288 0.000000
44 524288 0.000000
45 524288 0.000000
46 524288 0.000000
47 524288 0.000000
48 524288 0.000000
49 524288 0.000000
50 524288 0.000000
51 524288 0.000000
52 524288 0.000000
53 524288 0.000000
54 524288 0.000000
55 524288 0.000000
56 524288 0.000000
57 524288 0.000000
58 524288 0.000000
59 524288 0.000000
60 524288 0.000000
61 524288 0.000000
62 524288 0.000000
63 524288 0.000000
64 524288 0.000000
65 524288 0.000000
66 524288 0.000000
67 524288 0.000000
68 524288 0.000000
69 524288 0.000000
70 524288 0.000000
71 524288 0.000000
72 524288 0.000000
73 524288 0.000000
74 524288 0.000000
75 524288 0.000000
76 524288 0.000000
77 524288 0.000000
78 524288 0.000000
79 524288 0.000000
80 524288 0.000000
81 524288 0.000000
82 524288 0.000000
83 524288 0.000000
84 524288 0.000000
85 524288 0.000000
86 524288 0.000000
87 524288 0.000000
88 524288 0.000000
89 524288 0.000000
